RG_5_5 Global Newton

RG 5_5_1
Timeout(in seconds) 900.03


RG 5_5_2
[<NashProfile for 'Generated by GAMUT v1.0.1
A Game With Uniformly Random Payoffs
Game Parameter Values:
Random seed:	1644491344343
Cmd Line:	-g RandomGame -players 5 -actions 5 -normalize -min_payoff 0.01 -max_payoff 10 -int_payoffs -int_mult 100 -random_seed 1644491344343 -f RG_multi_5_5_2.nfg -output GambitOutput
Players:	5
Actions:	5 5 5 5 5
players:	5
actions:	[5]': [[0.0, 1.0, 0.0, 0.0, 0.0], [0.0, 1.0, 0.0, 0.0, 0.0], [0.0, 0.0, 0.0, 1.0, 0.0], [0.0, 0.0, 1.0, 0.0, 0.0], [0.0, 0.0, 0.0, 0.0, 1.0]]>, <NashProfile for 'Generated by GAMUT v1.0.1
A Game With Uniformly Random Payoffs
Game Parameter Values:
Random seed:	1644491344343
Cmd Line:	-g RandomGame -players 5 -actions 5 -normalize -min_payoff 0.01 -max_payoff 10 -int_payoffs -int_mult 100 -random_seed 1644491344343 -f RG_multi_5_5_2.nfg -output GambitOutput
Players:	5
Actions:	5 5 5 5 5
players:	5
actions:	[5]': [[0.0, 1.0, 0.0, 0.0, 0.0], [0.0, 0.7886056971, 0.2113943029, 0.0, 0.0], [0.2710084034, 0.0, 0.0, 0.7289915966, 0.0], [0.0, 0.0, 1.0, 0.0, 0.0], [0.0, 0.0, 0.0, 0.0, 1.0]]>, <NashProfile for 'Generated by GAMUT v1.0.1
A Game With Uniformly Random Payoffs
Game Parameter Values:
Random seed:	1644491344343
Cmd Line:	-g RandomGame -players 5 -actions 5 -normalize -min_payoff 0.01 -max_payoff 10 -int_payoffs -int_mult 100 -random_seed 1644491344343 -f RG_multi_5_5_2.nfg -output GambitOutput
Players:	5
Actions:	5 5 5 5 5
players:	5
actions:	[5]': [[0.0, 1.0, 0.0, 0.0, 0.0], [0.1983842481, 0.6062419677, 0.1953737842, 0.0, 0.0], [0.5427920175, 0.0, 0.0, 0.4572079825, 0.0], [0.0, 0.0, 0.6745760244, 0.0, 0.3254239756], [0.0, 0.0, 0.0, 0.313259739, 0.686740261]]>, <NashProfile for 'Generated by GAMUT v1.0.1
A Game With Uniformly Random Payoffs
Game Parameter Values:
Random seed:	1644491344343
Cmd Line:	-g RandomGame -players 5 -actions 5 -normalize -min_payoff 0.01 -max_payoff 10 -int_payoffs -int_mult 100 -random_seed 1644491344343 -f RG_multi_5_5_2.nfg -output GambitOutput
Players:	5
Actions:	5 5 5 5 5
players:	5
actions:	[5]': [[0.0, 1.0, 0.0, 0.0, 0.0], [0.1190359452, 0.4336297872, 0.1624310951, 0.2849031724, 0.0], [0.0, 0.0, 0.0, 1.0, 0.0], [0.334768718, 0.0, 0.2510879626, 0.0, 0.4141433194], [0.0, 0.3293429109, 0.0, 0.0958700498, 0.5747870394]]>, <NashProfile for 'Generated by GAMUT v1.0.1
A Game With Uniformly Random Payoffs
Game Parameter Values:
Random seed:	1644491344343
Cmd Line:	-g RandomGame -players 5 -actions 5 -normalize -min_payoff 0.01 -max_payoff 10 -int_payoffs -int_mult 100 -random_seed 1644491344343 -f RG_multi_5_5_2.nfg -output GambitOutput
Players:	5
Actions:	5 5 5 5 5
players:	5
actions:	[5]': [[0.0, 1.0, 0.0, 0.0, 0.0], [0.192973918, 0.4932072654, 0.0, 0.3138188166, 0.0], [0.0, 0.0, 0.0564492664, 0.9435507336, 0.0], [0.1047497245, 0.0, 0.3866166944, 0.0, 0.5086335811], [0.0, 0.5250792338, 0.0316940474, 0.2670759533, 0.1761507654]]>, <NashProfile for 'Generated by GAMUT v1.0.1
A Game With Uniformly Random Payoffs
Game Parameter Values:
Random seed:	1644491344343
Cmd Line:	-g RandomGame -players 5 -actions 5 -normalize -min_payoff 0.01 -max_payoff 10 -int_payoffs -int_mult 100 -random_seed 1644491344343 -f RG_multi_5_5_2.nfg -output GambitOutput
Players:	5
Actions:	5 5 5 5 5
players:	5
actions:	[5]': [[0.0, 1.0, 0.0, 0.0, 0.0], [0.188594492, 0.4838548922, 0.0, 0.3275506157, 0.0], [0.0, 0.0, 0.0, 1.0, 0.0], [0.0910471261, 0.0, 0.3922444364, 0.0, 0.5167084376], [0.0, 0.4791398409, 0.0455054499, 0.2560034968, 0.2193512124]]>]
Time(in seconds) 0.50


RG 5_5_3
[<NashProfile for 'Generated by GAMUT v1.0.1
A Game With Uniformly Random Payoffs
Game Parameter Values:
Random seed:	1644491365746
Cmd Line:	-g RandomGame -players 5 -actions 5 -normalize -min_payoff 0.01 -max_payoff 10 -int_payoffs -int_mult 100 -random_seed 1644491365746 -f RG_multi_5_5_3.nfg -output GambitOutput
Players:	5
Actions:	5 5 5 5 5
players:	5
actions:	[5]': [[0.7689068825, 0.0, 0.0, 0.0, 0.2310931175], [0.0, 1.0, 0.0, 0.0, 0.0], [0.0, 0.3817243087, 0.0, 0.0, 0.6182756913], [0.5463945411, 0.0, 0.0, 0.0, 0.4536054589], [0.0, 0.0, 0.0, 0.0, 1.0]]>, <NashProfile for 'Generated by GAMUT v1.0.1
A Game With Uniformly Random Payoffs
Game Parameter Values:
Random seed:	1644491365746
Cmd Line:	-g RandomGame -players 5 -actions 5 -normalize -min_payoff 0.01 -max_payoff 10 -int_payoffs -int_mult 100 -random_seed 1644491365746 -f RG_multi_5_5_3.nfg -output GambitOutput
Players:	5
Actions:	5 5 5 5 5
players:	5
actions:	[5]': [[0.575182228, 0.0, 0.1763493666, 0.0, 0.2484684054], [0.0, 1.0, 0.0, 0.0, 0.0], [0.1703261739, 0.2921165161, 0.0, 0.0, 0.53755731], [0.289433847, 0.1905019425, 0.0, 0.1378587593, 0.3822054512], [0.0, 0.0, 0.0, 0.0, 1.0]]>, <NashProfile for 'Generated by GAMUT v1.0.1
A Game With Uniformly Random Payoffs
Game Parameter Values:
Random seed:	1644491365746
Cmd Line:	-g RandomGame -players 5 -actions 5 -normalize -min_payoff 0.01 -max_payoff 10 -int_payoffs -int_mult 100 -random_seed 1644491365746 -f RG_multi_5_5_3.nfg -output GambitOutput
Players:	5
Actions:	5 5 5 5 5
players:	5
actions:	[5]': [[0.4353895434, 0.0, 0.2911779459, 0.0, 0.2734325107], [0.0420513761, 0.935758504, 0.0221901198, 0.0, 0.0], [0.5195519769, 0.4445850724, 0.0, 0.0, 0.0358629507], [0.0, 0.7443825987, 0.0, 0.2556174013, 0.0], [0.0, 0.0, 0.0, 0.0, 1.0]]>, <NashProfile for 'Generated by GAMUT v1.0.1
A Game With Uniformly Random Payoffs
Game Parameter Values:
Random seed:	1644491365746
Cmd Line:	-g RandomGame -players 5 -actions 5 -normalize -min_payoff 0.01 -max_payoff 10 -int_payoffs -int_mult 100 -random_seed 1644491365746 -f RG_multi_5_5_3.nfg -output GambitOutput
Players:	5
Actions:	5 5 5 5 5
players:	5
actions:	[5]': [[0.2899656292, 0.0783566703, 0.6316777005, 0.0, 0.0], [0.1227351489, 0.7606710931, 0.116593758, 0.0, 0.0], [0.7359128451, 0.0, 0.1525424277, 0.0, 0.1115447272], [0.0736772287, 0.9263227713, 0.0, 0.0, 0.0], [0.0, 0.0, 0.0, 0.0029701466, 0.9970298534]]>, <NashProfile for 'Generated by GAMUT v1.0.1
A Game With Uniformly Random Payoffs
Game Parameter Values:
Random seed:	1644491365746
Cmd Line:	-g RandomGame -players 5 -actions 5 -normalize -min_payoff 0.01 -max_payoff 10 -int_payoffs -int_mult 100 -random_seed 1644491365746 -f RG_multi_5_5_3.nfg -output GambitOutput
Players:	5
Actions:	5 5 5 5 5
players:	5
actions:	[5]': [[0.2897448171, 0.0796523801, 0.6306028027, 0.0, 0.0], [0.1537173991, 0.7250610243, 0.1212215765, 0.0, 0.0], [0.7667044653, 0.0, 0.1420486588, 0.0, 0.091246876], [0.0563540932, 0.9436459068, 0.0, 0.0, 0.0], [0.0, 0.0, 0.0, 0.0, 1.0]]>, <NashProfile for 'Generated by GAMUT v1.0.1
A Game With Uniformly Random Payoffs
Game Parameter Values:
Random seed:	1644491365746
Cmd Line:	-g RandomGame -players 5 -actions 5 -normalize -min_payoff 0.01 -max_payoff 10 -int_payoffs -int_mult 100 -random_seed 1644491365746 -f RG_multi_5_5_3.nfg -output GambitOutput
Players:	5
Actions:	5 5 5 5 5
players:	5
actions:	[5]': [[0.2186481081, 0.1345743631, 0.6467775287, 0.0, 0.0], [0.2355661457, 0.6194708117, 0.1449630427, 0.0, 0.0], [0.890794862, 0.0, 0.109205138, 0.0, 0.0], [0.0, 1.0, 0.0, 0.0, 0.0], [0.0, 0.0, 0.0, 0.0, 1.0]]>, <NashProfile for 'Generated by GAMUT v1.0.1
A Game With Uniformly Random Payoffs
Game Parameter Values:
Random seed:	1644491365746
Cmd Line:	-g RandomGame -players 5 -actions 5 -normalize -min_payoff 0.01 -max_payoff 10 -int_payoffs -int_mult 100 -random_seed 1644491365746 -f RG_multi_5_5_3.nfg -output GambitOutput
Players:	5
Actions:	5 5 5 5 5
players:	5
actions:	[5]': [[0.183662111, 0.0130545566, 0.5573765078, 0.1920551052, 0.0538517193], [0.2565823666, 0.5513526863, 0.1692784045, 0.0227865427, 0.0], [0.868567167, 0.0, 0.131432833, 0.0, 0.0], [0.0, 0.9580966198, 0.0, 0.0419033802, 0.0], [0.0, 0.0, 0.0, 0.0, 1.0]]>, <NashProfile for 'Generated by GAMUT v1.0.1
A Game With Uniformly Random Payoffs
Game Parameter Values:
Random seed:	1644491365746
Cmd Line:	-g RandomGame -players 5 -actions 5 -normalize -min_payoff 0.01 -max_payoff 10 -int_payoffs -int_mult 100 -random_seed 1644491365746 -f RG_multi_5_5_3.nfg -output GambitOutput
Players:	5
Actions:	5 5 5 5 5
players:	5
actions:	[5]': [[0.0731177022, 0.2139095642, 0.1122013189, 0.0972429076, 0.5035285071], [0.0, 0.5919820291, 0.3756761309, 0.03234184, 0.0], [0.7736790387, 0.0, 0.0, 0.0, 0.2263209613], [0.0, 0.7730121765, 0.0, 0.0, 0.2269878235], [0.1509865558, 0.0756233145, 0.0, 0.0094002335, 0.7639898963]]>, <NashProfile for 'Generated by GAMUT v1.0.1
A Game With Uniformly Random Payoffs
Game Parameter Values:
Random seed:	1644491365746
Cmd Line:	-g RandomGame -players 5 -actions 5 -normalize -min_payoff 0.01 -max_payoff 10 -int_payoffs -int_mult 100 -random_seed 1644491365746 -f RG_multi_5_5_3.nfg -output GambitOutput
Players:	5
Actions:	5 5 5 5 5
players:	5
actions:	[5]': [[0.0, 0.2849880523, 0.0743416008, 0.0, 0.6406703469], [0.0, 0.3520052441, 0.4223858451, 0.2256089109, 0.0], [0.8251612804, 0.0, 0.0, 0.1748387196, 0.0], [0.0, 0.6860552001, 0.0, 0.0, 0.3139447999], [0.3582705136, 0.0741271683, 0.0, 0.0, 0.567602318]]>, <NashProfile for 'Generated by GAMUT v1.0.1
A Game With Uniformly Random Payoffs
Game Parameter Values:
Random seed:	1644491365746
Cmd Line:	-g RandomGame -players 5 -actions 5 -normalize -min_payoff 0.01 -max_payoff 10 -int_payoffs -int_mult 100 -random_seed 1644491365746 -f RG_multi_5_5_3.nfg -output GambitOutput
Players:	5
Actions:	5 5 5 5 5
players:	5
actions:	[5]': [[0.1568786293, 0.1035996391, 0.0, 0.3111307619, 0.4283909697], [0.194370692, 0.4127246092, 0.223506504, 0.1693981948, 0.0], [1.0, 0.0, 0.0, 0.0, 0.0], [0.0, 0.8341559684, 0.0, 0.0, 0.1658440316], [0.0096758504, 0.2549864607, 0.0, 0.0, 0.7353376889]]>, <NashProfile for 'Generated by GAMUT v1.0.1
A Game With Uniformly Random Payoffs
Game Parameter Values:
Random seed:	1644491365746
Cmd Line:	-g RandomGame -players 5 -actions 5 -normalize -min_payoff 0.01 -max_payoff 10 -int_payoffs -int_mult 100 -random_seed 1644491365746 -f RG_multi_5_5_3.nfg -output GambitOutput
Players:	5
Actions:	5 5 5 5 5
players:	5
actions:	[5]': [[0.1408831403, 0.1556467156, 0.0, 0.244379365, 0.4590907791], [0.1946530902, 0.4181364793, 0.2267816535, 0.160428777, 0.0], [1.0, 0.0, 0.0, 0.0, 0.0], [0.0, 0.8185998372, 0.0, 0.0, 0.1814001628], [0.0, 0.2496413706, 0.0, 0.0, 0.7503586294]]>, <NashProfile for 'Generated by GAMUT v1.0.1
A Game With Uniformly Random Payoffs
Game Parameter Values:
Random seed:	1644491365746
Cmd Line:	-g RandomGame -players 5 -actions 5 -normalize -min_payoff 0.01 -max_payoff 10 -int_payoffs -int_mult 100 -random_seed 1644491365746 -f RG_multi_5_5_3.nfg -output GambitOutput
Players:	5
Actions:	5 5 5 5 5
players:	5
actions:	[5]': [[0.1220277596, 0.227746816, 0.0, 0.142862372, 0.5073630523], [0.1989558408, 0.4219858783, 0.2288373789, 0.1502209019, 0.0], [1.0, 0.0, 0.0, 0.0, 0.0], [0.0, 0.7982682482, 0.0, 0.0, 0.2017317518], [0.0, 0.2330085121, 0.0, 0.0, 0.7669914879]]>, <NashProfile for 'Generated by GAMUT v1.0.1
A Game With Uniformly Random Payoffs
Game Parameter Values:
Random seed:	1644491365746
Cmd Line:	-g RandomGame -players 5 -actions 5 -normalize -min_payoff 0.01 -max_payoff 10 -int_payoffs -int_mult 100 -random_seed 1644491365746 -f RG_multi_5_5_3.nfg -output GambitOutput
Players:	5
Actions:	5 5 5 5 5
players:	5
actions:	[5]': [[0.0, 0.4208691578, 0.1413526277, 0.0, 0.4377782145], [0.0, 0.6144576714, 0.0, 0.3855423286, 0.0], [1.0, 0.0, 0.0, 0.0, 0.0], [0.0, 1.0, 0.0, 0.0, 0.0], [0.0, 0.3132081536, 0.0, 0.2681859064, 0.41860594]]>, <NashProfile for 'Generated by GAMUT v1.0.1
A Game With Uniformly Random Payoffs
Game Parameter Values:
Random seed:	1644491365746
Cmd Line:	-g RandomGame -players 5 -actions 5 -normalize -min_payoff 0.01 -max_payoff 10 -int_payoffs -int_mult 100 -random_seed 1644491365746 -f RG_multi_5_5_3.nfg -output GambitOutput
Players:	5
Actions:	5 5 5 5 5
players:	5
actions:	[5]': [[0.3048546568, 0.0, 0.6951453432, 0.0, 0.0], [0.0, 0.9818640945, 0.0181359055, 0.0, 0.0], [0.8415908011, 0.0, 0.0, 0.0, 0.1584091989], [0.2192977514, 0.7807022486, 0.0, 0.0, 0.0], [0.0, 0.0, 0.0, 0.1737243592, 0.8262756408]]>, <NashProfile for 'Generated by GAMUT v1.0.1
A Game With Uniformly Random Payoffs
Game Parameter Values:
Random seed:	1644491365746
Cmd Line:	-g RandomGame -players 5 -actions 5 -normalize -min_payoff 0.01 -max_payoff 10 -int_payoffs -int_mult 100 -random_seed 1644491365746 -f RG_multi_5_5_3.nfg -output GambitOutput
Players:	5
Actions:	5 5 5 5 5
players:	5
actions:	[5]': [[0.3105875221, 0.0, 0.6894124779, 0.0, 0.0], [0.0, 1.0, 0.0, 0.0, 0.0], [0.8265155434, 0.0, 0.0, 0.0, 0.1734844566], [0.230960719, 0.769039281, 0.0, 0.0, 0.0], [0.0, 0.0, 0.0, 0.1524120589, 0.8475879411]]>]
Time(in seconds) 2.80


RG 5_5_4
[<NashProfile for 'Generated by GAMUT v1.0.1
A Game With Uniformly Random Payoffs
Game Parameter Values:
Random seed:	1644491368560
Cmd Line:	-g RandomGame -players 5 -actions 5 -normalize -min_payoff 0.01 -max_payoff 10 -int_payoffs -int_mult 100 -random_seed 1644491368560 -f RG_multi_5_5_4.nfg -output GambitOutput
Players:	5
Actions:	5 5 5 5 5
players:	5
actions:	[5]': [[0.8999910486, 0.0, 0.0, 0.1000089514, 0.0], [0.0, 1.0, 0.0, 0.0, 0.0], [0.2770753673, 0.6304934748, 0.0, 0.0924311579, 0.0], [0.4033076395, 0.5966923605, 0.0, 0.0, 0.0], [0.0, 0.0, 0.0, 0.0, 1.0]]>, <NashProfile for 'Generated by GAMUT v1.0.1
A Game With Uniformly Random Payoffs
Game Parameter Values:
Random seed:	1644491368560
Cmd Line:	-g RandomGame -players 5 -actions 5 -normalize -min_payoff 0.01 -max_payoff 10 -int_payoffs -int_mult 100 -random_seed 1644491368560 -f RG_multi_5_5_4.nfg -output GambitOutput
Players:	5
Actions:	5 5 5 5 5
players:	5
actions:	[5]': [[0.212967274, 0.4953881093, 0.0413599008, 0.2502847158, 0.0], [0.0, 0.3366759827, 0.439534885, 0.0, 0.2237891324], [0.0, 0.4975847119, 0.112492961, 0.389922327, 0.0], [0.1195235545, 0.5065202252, 0.0, 0.0462181334, 0.3277380869], [0.0520192569, 0.3025398533, 0.0, 0.0676360531, 0.5778048366]]>, <NashProfile for 'Generated by GAMUT v1.0.1
A Game With Uniformly Random Payoffs
Game Parameter Values:
Random seed:	1644491368560
Cmd Line:	-g RandomGame -players 5 -actions 5 -normalize -min_payoff 0.01 -max_payoff 10 -int_payoffs -int_mult 100 -random_seed 1644491368560 -f RG_multi_5_5_4.nfg -output GambitOutput
Players:	5
Actions:	5 5 5 5 5
players:	5
actions:	[5]': [[0.2309165979, 0.5249962802, 0.0, 0.2440871219, 0.0], [0.0, 0.3133905516, 0.4646151353, 0.0, 0.2219943132], [0.0, 0.5254364642, 0.0771866278, 0.397376908, 0.0], [0.1228652927, 0.5292417061, 0.0, 0.0281548069, 0.3197381943], [0.0331958237, 0.3013124052, 0.0, 0.1204936106, 0.5449981605]]>, <NashProfile for 'Generated by GAMUT v1.0.1
A Game With Uniformly Random Payoffs
Game Parameter Values:
Random seed:	1644491368560
Cmd Line:	-g RandomGame -players 5 -actions 5 -normalize -min_payoff 0.01 -max_payoff 10 -int_payoffs -int_mult 100 -random_seed 1644491368560 -f RG_multi_5_5_4.nfg -output GambitOutput
Players:	5
Actions:	5 5 5 5 5
players:	5
actions:	[5]': [[0.2454184516, 0.4823771996, 0.0, 0.2722043489, 0.0], [0.0, 0.291310554, 0.4916173549, 0.0, 0.2170720911], [0.0, 0.6218266879, 0.0, 0.3781733121, 0.0], [0.2449119774, 0.5284718353, 0.0, 0.0806152011, 0.1460009862], [0.0263678134, 0.2345565081, 0.0, 0.2647028603, 0.4743728181]]>, <NashProfile for 'Generated by GAMUT v1.0.1
A Game With Uniformly Random Payoffs
Game Parameter Values:
Random seed:	1644491368560
Cmd Line:	-g RandomGame -players 5 -actions 5 -normalize -min_payoff 0.01 -max_payoff 10 -int_payoffs -int_mult 100 -random_seed 1644491368560 -f RG_multi_5_5_4.nfg -output GambitOutput
Players:	5
Actions:	5 5 5 5 5
players:	5
actions:	[5]': [[0.2661835611, 0.5908791039, 0.0, 0.1429373349, 0.0], [0.0, 0.2374789037, 0.6279260946, 0.0, 0.1345950017], [0.0, 0.6627881158, 0.0, 0.3372118842, 0.0], [0.3193507512, 0.2361160148, 0.1167028377, 0.0875139761, 0.2403164202], [0.2598881751, 0.2721378651, 0.2004859883, 0.0, 0.2674879715]]>]
Time(in seconds) 1.06


RG 5_5_5
[<NashProfile for 'Generated by GAMUT v1.0.1
A Game With Uniformly Random Payoffs
Game Parameter Values:
Random seed:	1644491371700
Cmd Line:	-g RandomGame -players 5 -actions 5 -normalize -min_payoff 0.01 -max_payoff 10 -int_payoffs -int_mult 100 -random_seed 1644491371700 -f RG_multi_5_5_5.nfg -output GambitOutput
Players:	5
Actions:	5 5 5 5 5
players:	5
actions:	[5]': [[0.473780064, 0.0, 0.052162049, 0.0, 0.4740578871], [0.0, 0.8175013838, 0.0, 0.1824986162, 0.0], [0.1032744313, 0.0, 0.1883355524, 0.2616652707, 0.4467247456], [0.0, 0.2260418786, 0.4841087898, 0.1006654002, 0.1891839314], [0.1924294235, 0.0983255029, 0.0, 0.4025464134, 0.3066986603]]>, <NashProfile for 'Generated by GAMUT v1.0.1
A Game With Uniformly Random Payoffs
Game Parameter Values:
Random seed:	1644491371700
Cmd Line:	-g RandomGame -players 5 -actions 5 -normalize -min_payoff 0.01 -max_payoff 10 -int_payoffs -int_mult 100 -random_seed 1644491371700 -f RG_multi_5_5_5.nfg -output GambitOutput
Players:	5
Actions:	5 5 5 5 5
players:	5
actions:	[5]': [[0.5017443301, 0.0, 0.0306972197, 0.0, 0.4675584502], [0.0, 0.9242685213, 0.0757314787, 0.0, 0.0], [0.0717408838, 0.0, 0.2513361665, 0.3189942076, 0.3579287421], [0.0, 0.3209496328, 0.5295892841, 0.0, 0.1494610831], [0.1855363051, 0.102307142, 0.0, 0.3774682707, 0.3346882822]]>]
Time(in seconds) 1.37


RG 5_5_6
[]
Time(in seconds) 0.38


RG 5_5_7
[]
Time(in seconds) 0.51


RG 5_5_8
[]
Time(in seconds) 0.71


RG 5_5_9
[]
Time(in seconds) 0.53


RG 5_5_10
[]
Time(in seconds) 0.64



